10 0 12
1010 4 6011
2010 8 9215
3010 10 15745
4010 12 18290
5010 16 21442
6010 20 23369
7010 31 25546
8010 38 28449
9010 41 31114
10010 45 39088
11010 41 39775
12010 56 34670
13010 49 40260
14010 65 40952
15010 83 42922
16010 62 42147
17010 76 45996
18010 73 49189
19010 81 51224
20010 79 55174
21010 82 60001
22010 93 46439
23010 106 49395
24010 95 52085
25010 99 57688
26010 102 56105
27010 108 57154
28010 111 58720
29010 116 64848
30010 119 61352
31010 124 63150
32010 129 58258
33010 147 68978
34010 198 62830
35010 161 65024
36010 156 66393
37010 161 76975
38010 173 73073
39010 173 78261
40010 169 73188
41010 176 95033
42010 181 79005
43010 181 87005
44010 189 68126
45010 197 69123
46010 196 74654
47010 198 72521
48010 206 72166
49010 207 72423
50010 224 79053
51010 220 73721
52010 221 78476
53010 225 78027
54010 237 81021
55010 237 79761
56010 241 79139
57010 246 78828
58010 244 81669
59010 260 77655
60010 253 83881
61010 265 83992
62010 260 86959
63010 277 83263
64010 268 81115
65010 278 78227
66010 304 91762
67010 305 82014
68010 310 84434
69010 311 83138
70010 324 96753
71010 322 86618
72010 325 88773
73010 345 84983
74010 337 97245
75010 338 90386
76010 355 94828
77010 370 94325
78010 355 100612
79010 369 95181
80010 367 95828
81010 369 95180
82010 376 131232
83010 377 104863
84010 398 105428
85010 387 100803
86010 388 89577
87010 401 91721
88010 399 90890
89010 403 90169
90010 415 91047
91010 412 100494
92010 432 96980
93010 422 95749
94010 432 96507
95010 431 101417
96010 446 96569
97010 450 98268
98010 446 102920
99010 455 115047
