10 0 10
1010 11 6217
2010 18 9231
3010 30 12812
4010 39 17017
5010 48 19670
6010 55 20646
7010 79 24089
8010 93 24095
9010 99 27372
10010 124 27121
11010 133 30881
12010 147 31537
13010 141 34511
14010 147 31615
15010 150 33265
16010 161 34495
17010 182 38062
18010 209 38714
19010 215 44624
20010 220 40794
21010 228 40791
22010 254 45413
23010 238 41801
24010 247 44095
25010 251 45800
26010 290 44089
27010 328 46308
28010 277 49279
29010 359 47534
30010 351 51656
31010 353 50206
32010 377 51464
33010 370 50354
34010 378 51302
35010 398 54275
36010 392 56293
37010 398 52178
38010 420 55125
39010 412 59252
40010 436 55569
41010 427 56659
42010 443 61078
43010 444 60485
44010 449 59638
45010 470 62194
46010 465 63275
47010 577 63289
48010 571 61578
49010 594 64626
50010 596 63472
51010 611 61393
52010 616 64077
53010 609 66507
54010 630 66976
55010 629 69670
56010 640 67203
57010 647 68678
58010 649 65880
59010 670 73383
60010 676 67604
61010 672 71544
62010 690 69683
63010 703 72301
64010 694 73130
65010 756 71908
66010 719 74634
67010 714 70813
68010 744 73453
69010 740 71354
70010 748 73803
71010 744 75359
72010 764 72546
73010 773 71885
74010 782 74601
75010 774 76951
76010 952 77137
77010 968 76890
78010 969 76050
79010 972 79120
80010 981 73997
81010 985 79585
82010 1001 79349
83010 1004 77870
84010 1016 78247
85010 1024 82703
86010 1031 77747
87010 1048 78701
88010 1041 79971
89010 1053 81876
90010 1062 78903
91010 1069 80713
92010 1075 82943
93010 1082 83553
94010 1091 83531
95010 1101 85940
96010 1104 84382
97010 1114 82006
98010 1123 85523
99010 1132 84650
