10 0 12
1010 2 19678
2010 4 53057
3010 5 85698
4010 6 117296
5010 7 154179
6010 8 188095
7010 9 221508
8010 12 244218
9010 16 275105
10010 18 303777
11010 15 346600
12010 17 371840
13010 18 394674
14010 19 427237
15010 21 472654
16010 23 492649
17010 25 539735
18010 32 576181
19010 37 589751
20010 40 639514
21010 30 648067
22010 34 674440
23010 34 694597
24010 36 726728
25010 41 781483
26010 43 813667
27010 39 823262
28010 41 896078
29010 42 891922
30010 47 967605
31010 47 967817
32010 47 1009795
33010 47 999207
34010 50 1065959
35010 51 1117518
36010 52 1161302
37010 52 1137040
38010 60 1172232
39010 55 1194670
40010 56 1224692
41010 58 1281290
42010 59 1287233
43010 62 1333490
44010 64 1374222
45010 65 1422939
46010 65 1483739
47010 68 1478033
48010 68 1501744
49010 69 1477451
50010 71 1578250
51010 72 1542751
52010 74 1627233
53010 86 1703842
54010 79 1664714
55010 79 1734882
56010 81 1733404
57010 80 1774205
58010 118 1777184
59010 110 1865390
60010 101 1881199
61010 91 1895056
62010 95 1901469
63010 92 1946168
64010 104 1986485
65010 93 2010227
66010 93 2024245
67010 97 2069667
68010 98 2145429
69010 99 2203631
70010 99 2216176
71010 102 2206972
72010 104 2235835
73010 104 2178502
74010 105 2206553
75010 114 2365041
76010 108 2384812
77010 111 2416844
78010 111 2447570
79010 114 2496452
80010 114 2404898
81010 117 2528744
82010 117 2554812
83010 119 2599445
84010 128 2613948
85010 120 2688062
86010 123 2716542
87010 124 2633552
88010 128 2726647
89010 126 2665109
90010 129 2774634
91010 129 2850154
92010 140 2916436
93010 136 2895931
94010 133 2848526
95010 135 2947733
96010 143 2922425
97010 139 2962294
98010 140 3109910
99010 152 3023201
