10 0 12
110 0 635
210 1 2339
310 2 3199
410 4 3339
510 5 4022
610 6 4345
710 7 4116
810 9 4447
910 11 4115
1010 14 4591
1110 18 4526
1210 23 4545
1310 23 5024
1410 27 4178
1510 31 4514
1610 36 4228
1710 41 4586
1810 57 4528
1910 55 5134
2010 67 5111
2110 68 4699
2210 75 4929
2310 84 4404
2410 84 4275
2510 107 4610
2610 101 4642
2710 105 5032
2810 110 4573
2910 116 5863
3010 166 4834
3110 172 4829
3210 145 4725
3310 154 5764
3410 165 4707
3510 179 5051
3610 186 4312
3710 195 4555
3810 203 5074
3910 215 4802
4010 219 4296
4110 239 5037
4210 242 4549
4310 257 4817
4410 268 4876
4510 285 5175
4610 291 5222
4710 309 4804
4810 318 5162
4910 336 5296
5010 354 5129
5110 361 4970
5210 420 4597
5310 398 5102
5410 598 5268
5510 470 4614
5610 535 4966
5710 495 5146
5810 543 5243
5910 587 4854
6010 697 5383
6110 577 5080
6210 572 4683
6310 550 4787
6410 572 4909
6510 583 5085
6610 601 5401
6710 627 4677
6810 641 5537
6910 659 5405
7010 679 5258
7110 697 5067
7210 721 5093
7310 736 4681
7410 755 4863
7510 783 4756
7610 802 4834
7710 818 4708
7810 843 5148
7910 859 4888
8010 883 4796
8110 915 4754
8210 928 4272
8310 956 5315
8410 981 5358
8510 994 5214
8610 1026 5108
8710 1044 4851
8810 1072 5204
8910 1094 5241
9010 1117 4725
9110 1148 4722
9210 1172 4635
9310 1206 4811
9410 1227 5120
9510 1249 4481
9610 1274 4950
9710 1307 4573
9810 1330 5018
9910 1356 5391
